一 :  [[[536.0, 925.0], [532.0, 77.0]]]
丁 :  [[[802.0, 907.0], [795.0, 87.0]], [[797.0, 505.0], [153.0, 530.0], [216.0, 595.0]]]
七 :  [[[492.0, 915.0], [662.0, 105.0]], [[880.0, 535.0], [198.0, 517.0], [200.0, 140.0], [333.0, 95.0]]]
万 :  [[[756.0, 822.0], [821.0, 115.0]], [[760.0, 507.0], [481.0, 642.0], [296.0, 870.0]], [[608.0, 547.0], [610.0, 270.0], [403.0, 355.0], [231.0, 465.0], [325.0, 555.0]]]
丈 :  [[[610.0, 770.0], [688.0, 270.0]], [[867.0, 480.0], [486.0, 522.0], [264.0, 695.0], [216.0, 840.0]], [[525.0, 720.0], [327.0, 475.0], [174.0, 267.0], [183.0, 60.0]]]
三 :  [[[758.0, 640.0], [810.0, 262.0]], [[553.0, 642.0], [575.0, 337.0]], [[298.0, 892.0], [346.0, 110.0]]]
上 :  [[[861.0, 525.0], [307.0, 530.0]], [[608.0, 497.0], [641.0, 260.0]], [[251.0, 890.0], [288.0, 92.0]]]
下 :  [[[760.0, 872.0], [824.0, 100.0]], [[773.0, 507.0], [192.0, 495.0]], [[632.0, 475.0], [516.0, 252.0]]]
不 :  [[[754.0, 800.0], [806.0, 162.0]], [[734.0, 407.0], [562.0, 557.0], [425.0, 727.0], [359.0, 865.0]], [[641.0, 530.0], [207.0, 520.0]], [[553.0, 382.0], [379.0, 147.0]]]
与 :  [[[858.0, 630.0], [529.0, 737.0], [582.0, 215.0], [176.0, 335.0], [214.0, 410.0]], [[721.0, 647.0], [771.0, 297.0]], [[390.0, 885.0], [436.0, 402.0]]]
丑 :  [[[771.0, 652.0], [806.0, 280.0], [344.0, 392.0]], [[752.0, 542.0], [320.0, 630.0]], [[527.0, 882.0], [580.0, 110.0]], [[285.0, 810.0], [314.0, 155.0]]]
专 :  [[[712.0, 710.0], [760.0, 317.0]], [[542.0, 862.0], [597.0, 155.0]], [[878.0, 495.0], [438.0, 600.0], [444.0, 292.0], [261.0, 450.0]], [[312.0, 565.0], [176.0, 410.0]]]
且 :  [[[806.0, 642.0], [290.0, 635.0]], [[795.0, 627.0], [828.0, 335.0], [314.0, 332.0]], [[638.0, 617.0], [656.0, 447.0]], [[481.0, 615.0], [505.0, 417.0]], [[268.0, 890.0], [296.0, 85.0]]]
世 :  [[[556.0, 897.0], [586.0, 45.0]], [[824.0, 522.0], [438.0, 520.0], [458.0, 347.0]], [[858.0, 292.0], [486.0, 347.0]], [[728.0, 717.0], [257.0, 682.0], [281.0, 197.0]]]
丘 :  [[[843.0, 390.0], [671.0, 617.0]], [[651.0, 677.0], [288.0, 642.0]], [[549.0, 627.0], [610.0, 227.0]], [[542.0, 415.0], [290.0, 425.0]], [[242.0, 870.0], [292.0, 102.0]]]
丙 :  [[[789.0, 705.0], [828.0, 282.0]], [[580.0, 802.0], [272.0, 770.0]], [[590.0, 785.0], [614.0, 167.0], [240.0, 232.0], [270.0, 287.0]], [[752.0, 520.0], [560.0, 542.0], [416.0, 640.0], [379.0, 702.0]], [[521.0, 517.0], [410.0, 347.0]]]
业 :  [[[540.0, 807.0], [455.0, 702.0]], [[749.0, 615.0], [292.0, 617.0]], [[817.0, 415.0], [279.0, 422.0]], [[636.0, 197.0], [484.0, 325.0]], [[240.0, 855.0], [257.0, 122.0]]]
丛 :  [[[784.0, 690.0], [532.0, 740.0], [353.0, 920.0]], [[566.0, 715.0], [477.0, 580.0]], [[847.0, 375.0], [536.0, 442.0], [344.0, 635.0]], [[577.0, 400.0], [399.0, 217.0], [368.0, 102.0]], [[224.0, 792.0], [248.0, 245.0]]]
东 :  [[[678.0, 812.0], [749.0, 212.0]], [[893.0, 505.0], [447.0, 715.0], [499.0, 280.0]], [[597.0, 487.0], [176.0, 507.0], [248.0, 595.0]], [[364.0, 702.0], [233.0, 792.0]], [[399.0, 357.0], [242.0, 175.0]]]
丝 :  [[[810.0, 660.0], [569.0, 815.0], [573.0, 652.0]], [[706.0, 537.0], [399.0, 755.0], [438.0, 590.0]], [[843.0, 340.0], [560.0, 492.0], [564.0, 350.0]], [[686.0, 230.0], [425.0, 465.0], [453.0, 232.0]], [[264.0, 832.0], [298.0, 162.0]]]
